60
61
59
59
59
59
60
60
61
62
62
61
62
63
61
61
62
63
62
62
61
61
62
63
62
62
62
62
63
63
62
63
62
64
64
64
63
63
63
64
64
64
65
65
66
66
67
67
67
66
66
66
68
67
68
67
68
67
68
67
67
68
68
68
68
69
71
73
73
70
73
72
72
71
72
73
74
75
74
74
76
74
75
73
73
72
72
74
75
77
75
75
75
77
77
77
79
79
79
79
78
78
81
80
79
79
80
78
78
79
80
80
81
81
82
83
84
84
84
83
85
86
86
85
85
86
87
88
87
86
88
88
89
91
89
89
90
91
91
91
90
91
91
91
92
93
92
93
93
93
95
95
96
97
97
94
94
94
95
96
97
97
96
98
98
99
99
101
102
102
101
101
102
102
101
102
102
103
103
103
103
104
105
105
105
106
106
104
103
105
105
104
105
105
106
104
105
105
105
105
103
104
103
104
104
105
105
106
106
106
105
105
105
106
105
105
106
105
104
104
104
104
104
104
104
104
102
103
103
102
102
102
102
102
103
102
102
102
103
103
103
102
102
101
101
101
99
99
99
99
98
98
97
97
97
96
97
97
95
95
93
93
92
93
92
93
93
93
94
93
92
91
91
91
90
90
88
86
86
86
88
88
86
85
84
85
84
85
84
83
84
83
82
80
80
80
81
79
79
78
77
77
75
75
75
75
76
